DECLINE family refit, corrected polarization (I = BB, p_now = 0.374)
targets: pi_I/pi_S=1.3556  dxy/pi_I=1.3848  f1(I)/f1(S)=0.8256

    t_inv  p_hist    t_decl   t_fall  pi_I/pi_S  dxy/pi_I  f1ratio  miss_r  miss_d  miss_f   score
  800,000   0.660   100,000   25,000     1.2449    1.3516   0.9357   -8.2%   -2.4%  +13.3%  0.0250
  800,000   0.660   100,000   50,000     1.2380    1.3543   0.9150   -8.7%   -2.2%  +10.8%  0.0197
  800,000   0.660   100,000  100,000     1.2242    1.3620   0.8862   -9.7%   -1.6%   +7.3%  0.0151
  800,000   0.660   100,000  200,000     1.1925    1.3803   0.8491  -12.0%   -0.3%   +2.8%  0.0153
  800,000   0.660   100,000  400,000     1.0996    1.4317   0.8351  -18.9%   +3.4%   +1.2%  0.0370
  800,000   0.660   175,000   25,000     1.2226    1.3607   0.8819   -9.8%   -1.7%   +6.8%  0.0146
  800,000   0.660   175,000   50,000     1.2096    1.3688   0.8717  -10.8%   -1.2%   +5.6%  0.0148
  800,000   0.660   175,000  100,000     1.1946    1.3777   0.8533  -11.9%   -0.5%   +3.4%  0.0153
  800,000   0.660   175,000  200,000     1.1553    1.3998   0.8349  -14.8%   +1.1%   +1.1%  0.0221
  800,000   0.660   175,000  400,000     1.0508    1.4608   0.8444  -22.5%   +5.5%   +2.3%  0.0541
  800,000   0.700   100,000   25,000     1.3394    1.3318   0.9336   -1.2%   -3.8%  +13.1%  0.0187
  800,000   0.700   100,000   50,000     1.3335    1.3345   0.9102   -1.6%   -3.6%  +10.2%  0.0121
  800,000   0.700   100,000  100,000     1.3075    1.3441   0.8762   -3.5%   -2.9%   +6.1%  0.0059
  800,000   0.700   100,000  200,000     1.2736    1.3585   0.8309   -6.1%   -1.9%   +0.6%  0.0041
  800,000   0.700   100,000  400,000     1.1605    1.4111   0.8153  -14.4%   +1.9%   -1.2%  0.0212
  800,000   0.700   175,000   25,000     1.3113    1.3454   0.8706   -3.3%   -2.8%   +5.5%  0.0049
  800,000   0.700   175,000   50,000     1.2902    1.3520   0.8626   -4.8%   -2.4%   +4.5%  0.0049
  800,000   0.700   175,000  100,000     1.2766    1.3605   0.8400   -5.8%   -1.8%   +1.7%  0.0040
  800,000   0.700   175,000  200,000     1.2229    1.3829   0.8208   -9.8%   -0.1%   -0.6%  0.0096
  800,000   0.700   175,000  400,000     1.0951    1.4506   0.8306  -19.2%   +4.8%   +0.6%  0.0392
  800,000   0.740   100,000   25,000     1.4611    1.3129   0.9233   +7.8%   -5.2%  +11.8%  0.0228
  800,000   0.740   100,000   50,000     1.4452    1.3195   0.9007   +6.6%   -4.7%   +9.1%  0.0149
  800,000   0.740   100,000  100,000     1.4235    1.3261   0.8618   +5.0%   -4.2%   +4.4%  0.0062
  800,000   0.740   100,000  200,000     1.3676    1.3473   0.8164   +0.9%   -2.7%   -1.1%  0.0009
  800,000   0.740   100,000  400,000     1.2245    1.4042   0.7999   -9.7%   +1.4%   -3.1%  0.0105
  800,000   0.740   175,000   25,000     1.4182    1.3329   0.8552   +4.6%   -3.8%   +3.6%  0.0048
  800,000   0.740   175,000   50,000     1.4074    1.3371   0.8417   +3.8%   -3.4%   +2.0%  0.0030
  800,000   0.740   175,000  100,000     1.3767    1.3456   0.8210   +1.6%   -2.8%   -0.6%  0.0011
  800,000   0.740   175,000  200,000     1.3149    1.3686   0.8015   -3.0%   -1.2%   -2.9%  0.0019
  800,000   0.740   175,000  400,000     1.1476    1.4356   0.8170  -15.3%   +3.7%   -1.0%  0.0250
  850,000   0.660   100,000   25,000     1.2705    1.4075   0.9272   -6.3%   +1.6%  +12.3%  0.0194
  850,000   0.660   100,000   50,000     1.2678    1.4002   0.9050   -6.5%   +1.1%   +9.6%  0.0136
  850,000   0.660   100,000  100,000     1.2555    1.4149   0.8751   -7.4%   +2.2%   +6.0%  0.0095
  850,000   0.660   100,000  200,000     1.2117    1.4377   0.8430  -10.6%   +3.8%   +2.1%  0.0132
  850,000   0.660   100,000  400,000     1.1236    1.4860   0.8278  -17.1%   +7.3%   +0.3%  0.0346
  850,000   0.660   175,000   25,000     1.2491    1.4165   0.8730   -7.9%   +2.3%   +5.7%  0.0100
  850,000   0.660   175,000   50,000     1.2453    1.4163   0.8597   -8.1%   +2.3%   +4.1%  0.0088
  850,000   0.660   175,000  100,000     1.2267    1.4295   0.8429   -9.5%   +3.2%   +2.1%  0.0105
  850,000   0.660   175,000  200,000     1.1771    1.4593   0.8291  -13.2%   +5.4%   +0.4%  0.0202
  850,000   0.660   175,000  400,000     1.0760    1.5137   0.8361  -20.6%   +9.3%   +1.3%  0.0514
  850,000   0.700   100,000   25,000     1.3827    1.3810   0.9193   +2.0%   -0.3%  +11.4%  0.0133
  850,000   0.700   100,000   50,000     1.3737    1.3823   0.8978   +1.3%   -0.2%   +8.7%  0.0078
  850,000   0.700   100,000  100,000     1.3446    1.4002   0.8647   -0.8%   +1.1%   +4.7%  0.0024
  850,000   0.700   100,000  200,000     1.3089    1.4167   0.8205   -3.4%   +2.3%   -0.6%  0.0018
  850,000   0.700   100,000  400,000     1.1899    1.4719   0.8066  -12.2%   +6.3%   -2.3%  0.0194
  850,000   0.700   175,000   25,000     1.3478    1.3938   0.8599   -0.6%   +0.6%   +4.2%  0.0018
  850,000   0.700   175,000   50,000     1.3396    1.3992   0.8465   -1.2%   +1.0%   +2.5%  0.0009
  850,000   0.700   175,000  100,000     1.3201    1.4095   0.8263   -2.6%   +1.8%   +0.1%  0.0010
  850,000   0.700   175,000  200,000     1.2671    1.4298   0.8070   -6.5%   +3.2%   -2.3%  0.0058
  850,000   0.700   175,000  400,000     1.1339    1.5005   0.8174  -16.4%   +8.4%   -1.0%  0.0338
  850,000   0.740   100,000   25,000     1.5195    1.3582   0.9063  +12.1%   -1.9%   +9.8%  0.0245
  850,000   0.740   100,000   50,000     1.5080    1.3635   0.8826  +11.2%   -1.5%   +6.9%  0.0176
  850,000   0.740   100,000  100,000     1.4832    1.3707   0.8454   +9.4%   -1.0%   +2.4%  0.0095
  850,000   0.740   100,000  200,000     1.4196    1.3923   0.8029   +4.7%   +0.5%   -2.8%  0.0030
  850,000   0.740   100,000  400,000     1.2827    1.4474   0.7831   -5.4%   +4.5%   -5.2%  0.0076
  850,000   0.740   175,000   25,000     1.4745    1.3767   0.8403   +8.8%   -0.6%   +1.8%  0.0080
  850,000   0.740   175,000   50,000     1.4609    1.3808   0.8269   +7.8%   -0.3%   +0.2%  0.0060
  850,000   0.740   175,000  100,000     1.4243    1.3955   0.8081   +5.1%   +0.8%   -2.1%  0.0031
  850,000   0.740   175,000  200,000     1.3715    1.4081   0.7860   +1.2%   +1.7%   -4.8%  0.0027
  850,000   0.740   175,000  400,000     1.1964    1.4911   0.8024  -11.7%   +7.7%   -2.8%  0.0205
  900,000   0.660   100,000   25,000     1.3072    1.4557   0.9174   -3.6%   +5.1%  +11.1%  0.0163
  900,000   0.660   100,000   50,000     1.2942    1.4593   0.9028   -4.5%   +5.4%   +9.4%  0.0137
  900,000   0.660   100,000  100,000     1.2799    1.4678   0.8718   -5.6%   +6.0%   +5.6%  0.0099
  900,000   0.660   100,000  200,000     1.2401    1.4871   0.8374   -8.5%   +7.4%   +1.4%  0.0129
  900,000   0.660   100,000  400,000     1.1557    1.5386   0.8197  -14.7%  +11.1%   -0.7%  0.0341
  900,000   0.660   175,000   25,000     1.2749    1.4696   0.8660   -5.9%   +6.1%   +4.9%  0.0097
  900,000   0.660   175,000   50,000     1.2712    1.4776   0.8531   -6.2%   +6.7%   +3.3%  0.0095
  900,000   0.660   175,000  100,000     1.2567    1.4793   0.8344   -7.3%   +6.8%   +1.1%  0.0101
  900,000   0.660   175,000  200,000     1.2068    1.5118   0.8199  -11.0%   +9.2%   -0.7%  0.0205
  900,000   0.660   175,000  400,000     1.1072    1.5679   0.8259  -18.3%  +13.2%   +0.0%  0.0511
  900,000   0.700   100,000   25,000     1.4273    1.4282   0.9022   +5.3%   +3.1%   +9.3%  0.0124
  900,000   0.700   100,000   50,000     1.4163    1.4320   0.8809   +4.5%   +3.4%   +6.7%  0.0077
  900,000   0.700   100,000  100,000     1.3929    1.4427   0.8481   +2.7%   +4.2%   +2.7%  0.0032
  900,000   0.700   100,000  200,000     1.3483    1.4626   0.8081   -0.5%   +5.6%   -2.1%  0.0036
  900,000   0.700   100,000  400,000     1.2315    1.5174   0.7977   -9.2%   +9.6%   -3.4%  0.0187
  900,000   0.700   175,000   25,000     1.3864    1.4450   0.8460   +2.3%   +4.3%   +2.5%  0.0030
  900,000   0.700   175,000   50,000     1.3737    1.4491   0.8347   +1.3%   +4.6%   +1.1%  0.0025
  900,000   0.700   175,000  100,000     1.3555    1.4545   0.8138   -0.0%   +5.0%   -1.4%  0.0027
  900,000   0.700   175,000  200,000     1.2976    1.4795   0.7952   -4.3%   +6.8%   -3.7%  0.0079
  900,000   0.700   175,000  400,000     1.1697    1.5542   0.8038  -13.7%  +12.2%   -2.6%  0.0345
  900,000   0.740   100,000   25,000     1.5672    1.4051   0.8933  +15.6%   +1.5%   +8.2%  0.0313
  900,000   0.740   100,000   50,000     1.5538    1.4095   0.8697  +14.6%   +1.8%   +5.3%  0.0245
  900,000   0.740   100,000  100,000     1.5331    1.4168   0.8307  +13.1%   +2.3%   +0.6%  0.0177
  900,000   0.740   100,000  200,000     1.4642    1.4384   0.7886   +8.0%   +3.9%   -4.5%  0.0099
  900,000   0.740   100,000  400,000     1.3201    1.5069   0.7744   -2.6%   +8.8%   -6.2%  0.0123
  900,000   0.740   175,000   25,000     1.5220    1.4235   0.8284  +12.3%   +2.8%   +0.3%  0.0159
  900,000   0.740   175,000   50,000     1.5172    1.4251   0.8127  +11.9%   +2.9%   -1.6%  0.0153
  900,000   0.740   175,000  100,000     1.4829    1.4398   0.7922   +9.4%   +4.0%   -4.0%  0.0120
  900,000   0.740   175,000  200,000     1.4084    1.4661   0.7732   +3.9%   +5.9%   -6.3%  0.0090
  900,000   0.740   175,000  400,000     1.2418    1.5365   0.7862   -8.4%  +11.0%   -4.8%  0.0213
   TARGET                                1.3556    1.3848   0.8256

BEST  t_inv=850,000  p_hist=0.700  t_decline=175,000  t_fall=50,000  ->  1.3396 / 1.3992 / 0.8465  (score 0.00089)

==========================================================================
PROFILE over t_fall (best score at each value, others re-optimised)
==========================================================================
     t_fall  best score   at t_inv  p_hist    t_decl   drift SD of the implied fall
     25,000     0.00180    850,000   0.700   175,000   0.326 / 0.0267 =  12.2 SD
     50,000     0.00089    850,000   0.700   175,000   0.326 / 0.0385 =   8.5 SD
    100,000     0.00101    850,000   0.700   175,000   0.326 / 0.0569 =   5.7 SD
    200,000     0.00094    800,000   0.740   100,000   0.366 / 0.0744 =   4.9 SD
    400,000     0.00758    850,000   0.740   100,000   0.366 / 0.1273 =   2.9 SD

  A profile that RISES steeply with t_fall means the data require a
  fast fall, and the decline is then too fast for drift. A FLAT
  profile means t_fall is unidentified and the decline test cannot
  carry weight on its own (NOTES sec 8.17.2).
