DECLINE family refit, corrected polarization (I = BB, p_now = 0.374)
targets: pi_I/pi_S=1.3556  dxy/pi_I=1.3848  f1(I)/f1(S)=0.8125

    t_inv  p_hist    t_decl   t_fall  pi_I/pi_S  dxy/pi_I  f1ratio  miss_r  miss_d  miss_f   score
  800,000   0.700   100,000   50,000     1.3335    1.3345   0.9102   -1.6%   -3.6%  +12.0%  0.0160
  800,000   0.700   100,000  100,000     1.3075    1.3441   0.8762   -3.5%   -2.9%   +7.8%  0.0083
  800,000   0.700   100,000  200,000     1.2736    1.3585   0.8309   -6.1%   -1.9%   +2.3%  0.0045
  800,000   0.700   100,000  400,000     1.1605    1.4111   0.8153  -14.4%   +1.9%   +0.3%  0.0211
  800,000   0.700   100,000  600,000     0.9998    1.5027   0.8608  -26.2%   +8.5%   +5.9%  0.0796
  800,000   0.700   175,000   50,000     1.2902    1.3520   0.8626   -4.8%   -2.4%   +6.2%  0.0067
  800,000   0.700   175,000  100,000     1.2766    1.3605   0.8400   -5.8%   -1.8%   +3.4%  0.0048
  800,000   0.700   175,000  200,000     1.2229    1.3829   0.8208   -9.8%   -0.1%   +1.0%  0.0097
  800,000   0.700   175,000  400,000     1.0951    1.4506   0.8306  -19.2%   +4.8%   +2.2%  0.0397
  800,000   0.700   175,000  600,000     0.9237    1.5474   0.8905  -31.9%  +11.7%   +9.6%  0.1245
  800,000   0.700   250,000   50,000     1.2613    1.3652   0.8285   -7.0%   -1.4%   +2.0%  0.0054
  800,000   0.700   250,000  100,000     1.2284    1.3820   0.8232   -9.4%   -0.2%   +1.3%  0.0090
  800,000   0.700   250,000  200,000     1.1762    1.4073   0.8176  -13.2%   +1.6%   +0.6%  0.0178
  800,000   0.700   250,000  400,000     1.0299    1.4849   0.8504  -24.0%   +7.2%   +4.7%  0.0651
  800,000   0.740   100,000   50,000     1.4452    1.3195   0.9007   +6.6%   -4.7%  +10.9%  0.0184
  800,000   0.740   100,000  100,000     1.4235    1.3261   0.8618   +5.0%   -4.2%   +6.1%  0.0080
  800,000   0.740   100,000  200,000     1.3676    1.3473   0.8164   +0.9%   -2.7%   +0.5%  0.0008
  800,000   0.740   100,000  400,000     1.2245    1.4042   0.7999   -9.7%   +1.4%   -1.5%  0.0098
  800,000   0.740   100,000  600,000     1.0315    1.4903   0.8481  -23.9%   +7.6%   +4.4%  0.0649
  800,000   0.740   175,000   50,000     1.4074    1.3371   0.8417   +3.8%   -3.4%   +3.6%  0.0039
  800,000   0.740   175,000  100,000     1.3767    1.3456   0.8210   +1.6%   -2.8%   +1.0%  0.0012
  800,000   0.740   175,000  200,000     1.3149    1.3686   0.8015   -3.0%   -1.2%   -1.3%  0.0012
  800,000   0.740   175,000  400,000     1.1476    1.4356   0.8170  -15.3%   +3.7%   +0.6%  0.0249
  800,000   0.740   175,000  600,000     0.9346    1.5445   0.8848  -31.1%  +11.5%   +8.9%  0.1177
  800,000   0.740   250,000   50,000     1.3618    1.3514   0.8048   +0.5%   -2.4%   -0.9%  0.0007
  800,000   0.740   250,000  100,000     1.3262    1.3610   0.7996   -2.2%   -1.7%   -1.6%  0.0010
  800,000   0.740   250,000  200,000     1.2501    1.3928   0.7988   -7.8%   +0.6%   -1.7%  0.0064
  800,000   0.740   250,000  400,000     1.0748    1.4722   0.8364  -20.7%   +6.3%   +2.9%  0.0477
  850,000   0.700   100,000   50,000     1.3737    1.3823   0.8978   +1.3%   -0.2%  +10.5%  0.0112
  850,000   0.700   100,000  100,000     1.3446    1.4002   0.8647   -0.8%   +1.1%   +6.4%  0.0043
  850,000   0.700   100,000  200,000     1.3089    1.4167   0.8205   -3.4%   +2.3%   +1.0%  0.0018
  850,000   0.700   100,000  400,000     1.1899    1.4719   0.8066  -12.2%   +6.3%   -0.7%  0.0190
  850,000   0.700   100,000  600,000     1.0320    1.5555   0.8499  -23.9%  +12.3%   +4.6%  0.0743
  850,000   0.700   175,000   50,000     1.3396    1.3992   0.8465   -1.2%   +1.0%   +4.2%  0.0020
  850,000   0.700   175,000  100,000     1.3201    1.4095   0.8263   -2.6%   +1.8%   +1.7%  0.0013
  850,000   0.700   175,000  200,000     1.2671    1.4298   0.8070   -6.5%   +3.2%   -0.7%  0.0054
  850,000   0.700   175,000  400,000     1.1339    1.5005   0.8174  -16.4%   +8.4%   +0.6%  0.0338
  850,000   0.700   175,000  600,000     0.9582    1.6034   0.8762  -29.3%  +15.8%   +7.8%  0.1170
  850,000   0.700   250,000   50,000     1.3019    1.4154   0.8167   -4.0%   +2.2%   +0.5%  0.0021
  850,000   0.700   250,000  100,000     1.2732    1.4307   0.8095   -6.1%   +3.3%   -0.4%  0.0048
  850,000   0.700   250,000  200,000     1.2159    1.4607   0.8048  -10.3%   +5.5%   -0.9%  0.0137
  850,000   0.700   250,000  400,000     1.0611    1.5410   0.8386  -21.7%  +11.3%   +3.2%  0.0609
  850,000   0.700   250,000  600,000     0.8758    1.6670   0.9108  -35.4%  +20.4%  +12.1%  0.1815
  850,000   0.740   100,000   50,000     1.5080    1.3635   0.8826  +11.2%   -1.5%   +8.6%  0.0203
  850,000   0.740   100,000  100,000     1.4832    1.3707   0.8454   +9.4%   -1.0%   +4.1%  0.0106
  850,000   0.740   100,000  200,000     1.4196    1.3923   0.8029   +4.7%   +0.5%   -1.2%  0.0024
  850,000   0.740   100,000  400,000     1.2827    1.4474   0.7831   -5.4%   +4.5%   -3.6%  0.0062
  850,000   0.740   100,000  600,000     1.0873    1.5338   0.8287  -19.8%  +10.8%   +2.0%  0.0511
  850,000   0.740   175,000   50,000     1.4609    1.3808   0.8269   +7.8%   -0.3%   +1.8%  0.0064
  850,000   0.740   175,000  100,000     1.4243    1.3955   0.8081   +5.1%   +0.8%   -0.5%  0.0027
  850,000   0.740   175,000  200,000     1.3715    1.4081   0.7860   +1.2%   +1.7%   -3.3%  0.0015
  850,000   0.740   175,000  400,000     1.1964    1.4911   0.8024  -11.7%   +7.7%   -1.2%  0.0198
  850,000   0.740   175,000  600,000     0.9809    1.5959   0.8665  -27.6%  +15.2%   +6.6%  0.1040
  850,000   0.740   250,000   50,000     1.4105    1.3985   0.7925   +4.1%   +1.0%   -2.5%  0.0023
  850,000   0.740   250,000  100,000     1.3705    1.4123   0.7879   +1.1%   +2.0%   -3.0%  0.0014
  850,000   0.740   250,000  200,000     1.2997    1.4418   0.7855   -4.1%   +4.1%   -3.3%  0.0045
  850,000   0.740   250,000  400,000     1.1223    1.5208   0.8206  -17.2%   +9.8%   +1.0%  0.0394
  850,000   0.740   250,000  600,000     0.8874    1.6511   0.9048  -34.5%  +19.2%  +11.4%  0.1692
   TARGET                                1.3556    1.3848   0.8125

BEST  t_inv=800,000  p_hist=0.740  t_decline=250,000  t_fall=50,000  ->  1.3618 / 1.3514 / 0.8048  (score 0.00069)

==========================================================================
PROFILE over t_fall (best score at each value, others re-optimised)
==========================================================================
     t_fall  best score   at t_inv  p_hist    t_decl   drift SD of the implied fall
     50,000     0.00069    800,000   0.740   250,000   0.366 / 0.0417 =   8.8 SD
    100,000     0.00102    800,000   0.740   250,000   0.366 / 0.0616 =   5.9 SD
    200,000     0.00084    800,000   0.740   100,000   0.366 / 0.0744 =   4.9 SD
    400,000     0.00624    850,000   0.740   100,000   0.366 / 0.1273 =   2.9 SD
    600,000     0.05115    850,000   0.740   100,000   0.366 / 0.1916 =   1.9 SD

  A profile that RISES steeply with t_fall means the data require a
  fast fall, and the decline is then too fast for drift. A FLAT
  profile means t_fall is unidentified and the decline test cannot
  carry weight on its own (NOTES sec 8.17.2).
