DECLINE family refit, corrected polarization (I = BB, p_now = 0.374)
targets: pi_I/pi_S=1.3556  dxy/pi_I=1.3848  f1(I)/f1(S)=0.8125

    t_inv  p_hist    t_decl   t_fall  pi_I/pi_S  dxy/pi_I  f1ratio  miss_r  miss_d  miss_f   score
  800,000   0.700         0   50,000     1.3724    1.3190   1.0250   +1.2%   -4.8%  +26.2%  0.0708
  800,000   0.700         0  100,000     1.3465    1.3296   0.9651   -0.7%   -4.0%  +18.8%  0.0369
  800,000   0.700         0  200,000     1.3152    1.3452   0.8794   -3.0%   -2.9%   +8.2%  0.0085
  800,000   0.700    25,000   50,000     1.3589    1.3262   0.9926   +0.2%   -4.2%  +22.2%  0.0509
  800,000   0.700    25,000  100,000     1.3399    1.3317   0.9390   -1.2%   -3.8%  +15.6%  0.0259
  800,000   0.700    25,000  200,000     1.3057    1.3455   0.8703   -3.7%   -2.8%   +7.1%  0.0072
  800,000   0.700    50,000   50,000     1.3552    1.3260   0.9618   -0.0%   -4.2%  +18.4%  0.0356
  800,000   0.700    50,000  100,000     1.3341    1.3328   0.9143   -1.6%   -3.8%  +12.5%  0.0174
  800,000   0.700    50,000  200,000     1.2899    1.3509   0.8554   -4.8%   -2.5%   +5.3%  0.0057
  800,000   0.700   100,000   50,000     1.3335    1.3345   0.9102   -1.6%   -3.6%  +12.0%  0.0160
  800,000   0.700   100,000  100,000     1.3075    1.3441   0.8762   -3.5%   -2.9%   +7.8%  0.0083
  800,000   0.700   100,000  200,000     1.2736    1.3585   0.8309   -6.1%   -1.9%   +2.3%  0.0045
  800,000   0.700   175,000   50,000     1.2902    1.3520   0.8626   -4.8%   -2.4%   +6.2%  0.0067
  800,000   0.700   175,000  100,000     1.2766    1.3605   0.8400   -5.8%   -1.8%   +3.4%  0.0048
  800,000   0.700   175,000  200,000     1.2229    1.3829   0.8208   -9.8%   -0.1%   +1.0%  0.0097
  800,000   0.700   250,000   50,000     1.2613    1.3652   0.8285   -7.0%   -1.4%   +2.0%  0.0054
  800,000   0.700   250,000  100,000     1.2284    1.3820   0.8232   -9.4%   -0.2%   +1.3%  0.0090
  800,000   0.700   250,000  200,000     1.1762    1.4073   0.8176  -13.2%   +1.6%   +0.6%  0.0178
  800,000   0.740         0   50,000     1.5021    1.3036   1.0346  +10.8%   -5.9%  +27.3%  0.0898
  800,000   0.740         0  100,000     1.4750    1.3065   0.9654   +8.8%   -5.7%  +18.8%  0.0464
  800,000   0.740         0  200,000     1.4320    1.3189   0.8704   +5.6%   -4.8%   +7.1%  0.0105
  800,000   0.740    25,000   50,000     1.4892    1.3054   0.9944   +9.9%   -5.7%  +22.4%  0.0631
  800,000   0.740    25,000  100,000     1.4606    1.3127   0.9332   +7.7%   -5.2%  +14.9%  0.0308
  800,000   0.740    25,000  200,000     1.4170    1.3273   0.8547   +4.5%   -4.1%   +5.2%  0.0065
  800,000   0.740    50,000   50,000     1.4685    1.3117   0.9617   +8.3%   -5.3%  +18.4%  0.0434
  800,000   0.740    50,000  100,000     1.4438    1.3193   0.9097   +6.5%   -4.7%  +12.0%  0.0208
  800,000   0.740    50,000  200,000     1.4005    1.3373   0.8353   +3.3%   -3.4%   +2.8%  0.0031
  800,000   0.740   100,000   50,000     1.4452    1.3195   0.9007   +6.6%   -4.7%  +10.9%  0.0184
  800,000   0.740   100,000  100,000     1.4235    1.3261   0.8618   +5.0%   -4.2%   +6.1%  0.0080
  800,000   0.740   100,000  200,000     1.3676    1.3473   0.8164   +0.9%   -2.7%   +0.5%  0.0008
  800,000   0.740   175,000   50,000     1.4074    1.3371   0.8417   +3.8%   -3.4%   +3.6%  0.0039
  800,000   0.740   175,000  100,000     1.3767    1.3456   0.8210   +1.6%   -2.8%   +1.0%  0.0012
  800,000   0.740   175,000  200,000     1.3149    1.3686   0.8015   -3.0%   -1.2%   -1.3%  0.0012
  800,000   0.740   250,000   50,000     1.3618    1.3514   0.8048   +0.5%   -2.4%   -0.9%  0.0007
  800,000   0.740   250,000  100,000     1.3262    1.3610   0.7996   -2.2%   -1.7%   -1.6%  0.0010
  800,000   0.740   250,000  200,000     1.2501    1.3928   0.7988   -7.8%   +0.6%   -1.7%  0.0064
  850,000   0.700         0   50,000     1.4161    1.3676   1.0089   +4.5%   -1.2%  +24.2%  0.0606
  850,000   0.700         0  100,000     1.3862    1.3818   0.9516   +2.3%   -0.2%  +17.1%  0.0298
  850,000   0.700         0  200,000     1.3598    1.3874   0.8663   +0.3%   +0.2%   +6.6%  0.0044
  850,000   0.700    25,000   50,000     1.4025    1.3776   0.9770   +3.5%   -0.5%  +20.2%  0.0422
  850,000   0.700    25,000  100,000     1.3798    1.3818   0.9258   +1.8%   -0.2%  +13.9%  0.0198
  850,000   0.700    25,000  200,000     1.3485    1.3970   0.8561   -0.5%   +0.9%   +5.4%  0.0030
  850,000   0.700    50,000   50,000     1.4080    1.3705   0.9432   +3.9%   -1.0%  +16.1%  0.0275
  850,000   0.700    50,000  100,000     1.3712    1.3849   0.9029   +1.2%   +0.0%  +11.1%  0.0125
  850,000   0.700    50,000  200,000     1.3306    1.3976   0.8439   -1.8%   +0.9%   +3.9%  0.0019
  850,000   0.700   100,000   50,000     1.3737    1.3823   0.8978   +1.3%   -0.2%  +10.5%  0.0112
  850,000   0.700   100,000  100,000     1.3446    1.4002   0.8647   -0.8%   +1.1%   +6.4%  0.0043
  850,000   0.700   100,000  200,000     1.3089    1.4167   0.8205   -3.4%   +2.3%   +1.0%  0.0018
  850,000   0.700   175,000   50,000     1.3396    1.3992   0.8465   -1.2%   +1.0%   +4.2%  0.0020
  850,000   0.700   175,000  100,000     1.3201    1.4095   0.8263   -2.6%   +1.8%   +1.7%  0.0013
  850,000   0.700   175,000  200,000     1.2671    1.4298   0.8070   -6.5%   +3.2%   -0.7%  0.0054
  850,000   0.700   250,000   50,000     1.3019    1.4154   0.8167   -4.0%   +2.2%   +0.5%  0.0021
  850,000   0.700   250,000  100,000     1.2732    1.4307   0.8095   -6.1%   +3.3%   -0.4%  0.0048
  850,000   0.700   250,000  200,000     1.2159    1.4607   0.8048  -10.3%   +5.5%   -0.9%  0.0137
  850,000   0.740         0   50,000     1.5609    1.3504   1.0156  +15.1%   -2.5%  +25.0%  0.0860
  850,000   0.740         0  100,000     1.5386    1.3527   0.9454  +13.5%   -2.3%  +16.4%  0.0455
  850,000   0.740         0  200,000     1.4892    1.3683   0.8540   +9.9%   -1.2%   +5.1%  0.0125
  850,000   0.740    25,000   50,000     1.5474    1.3523   0.9758  +14.1%   -2.3%  +20.1%  0.0610
  850,000   0.740    25,000  100,000     1.5202    1.3557   0.9156  +12.1%   -2.1%  +12.7%  0.0313
  850,000   0.740    25,000  200,000     1.4682    1.3763   0.8410   +8.3%   -0.6%   +3.5%  0.0082
  850,000   0.740    50,000   50,000     1.5328    1.3529   0.9417  +13.1%   -2.3%  +15.9%  0.0429
  850,000   0.740    50,000  100,000     1.5066    1.3632   0.8909  +11.1%   -1.6%   +9.7%  0.0220
  850,000   0.740    50,000  200,000     1.4570    1.3819   0.8213   +7.5%   -0.2%   +1.1%  0.0057
  850,000   0.740   100,000   50,000     1.5080    1.3635   0.8826  +11.2%   -1.5%   +8.6%  0.0203
  850,000   0.740   100,000  100,000     1.4832    1.3707   0.8454   +9.4%   -1.0%   +4.1%  0.0106
  850,000   0.740   100,000  200,000     1.4196    1.3923   0.8029   +4.7%   +0.5%   -1.2%  0.0024
  850,000   0.740   175,000   50,000     1.4609    1.3808   0.8269   +7.8%   -0.3%   +1.8%  0.0064
  850,000   0.740   175,000  100,000     1.4243    1.3955   0.8081   +5.1%   +0.8%   -0.5%  0.0027
  850,000   0.740   175,000  200,000     1.3715    1.4081   0.7860   +1.2%   +1.7%   -3.3%  0.0015
  850,000   0.740   250,000   50,000     1.4105    1.3985   0.7925   +4.1%   +1.0%   -2.5%  0.0023
  850,000   0.740   250,000  100,000     1.3705    1.4123   0.7879   +1.1%   +2.0%   -3.0%  0.0014
  850,000   0.740   250,000  200,000     1.2997    1.4418   0.7855   -4.1%   +4.1%   -3.3%  0.0045
   TARGET                                1.3556    1.3848   0.8125

BEST  t_inv=800,000  p_hist=0.740  t_decline=250,000  t_fall=50,000  ->  1.3618 / 1.3514 / 0.8048  (score 0.00069)

==========================================================================
PROFILE over t_fall (best score at each value, others re-optimised)
==========================================================================
     t_fall  best score   at t_inv  p_hist    t_decl   drift SD of the implied fall
     50,000     0.00069    800,000   0.740   250,000   0.366 / 0.0417 =   8.8 SD
    100,000     0.00102    800,000   0.740   250,000   0.366 / 0.0616 =   5.9 SD
    200,000     0.00084    800,000   0.740   100,000   0.366 / 0.0744 =   4.9 SD

  A profile that RISES steeply with t_fall means the data require a
  fast fall, and the decline is then too fast for drift. A FLAT
  profile means t_fall is unidentified and the decline test cannot
  carry weight on its own (NOTES sec 8.17.2).
